8.3947e-16
1.16832e-14
2.37304e-14
1.39389e-14
3.34315e-14
1.04562e-14
2.23189e-14
2.56375e-14
2.36205e-14
2.36079e-14
1.74191e-14
4.13948e-14
6.5904e-14
4.25364e-14
4.34207e-14
7.46292e-14
8.83415e-14
1.08104e-13
1.87074e-13
3.95465e-13
512
4.09768e-13
2.12453e-13
1.34706e-13
9.43237e-14
8.90701e-14
7.06056e-14
6.80749e-14
4.67546e-14
7.14367e-14
2.85501e-14
5.92584e-14
3.84484e-14
5.07697e-14
5.97515e-14
3.11855e-14
1.55552e-13
2.97577e-14
5.66303e-14
4.0141e-14
4.44084e-14
6.41506e-14
3.25693e-14
2.90848e-14
1.99311e-14
3.71233e-14
2.84446e-14
1.32552e-14
2.28124e-14
3.53862e-14
1.86247e-14
1.38333e-14
6.19715e-14
1.84619e-14
6.74094e-14
2.83145e-14
2.77905e-14
4.0797e-14
3.17715e-14
3.43331e-14
5.38726e-14
6.42827e-14
3.27212e-14
1.0128e-13
1.74306e-14
2.32639e-14
5.09738e-14
3.17115e-14
8.55708e-14
7.11613e-14
2.73334e-14
9.84891e-14
2.75025e-14
3.52102e-13
5.36634e-13
3.70873e-13
4.01214e-14
1.2338e-13
4.71697e-14
8.34256e-14
4.12051e-14
4.02472e-14
4.39613e-14
6.3244e-14
6.89027e-14
2.49714e-14
5.35517e-14
1.6508e-14
2.59698e-14
1.58873e-14
2.44447e-14
1.93751e-14
4.22118e-14
4.51084e-15
4.3262e-14
2.00404e-14
3.04231e-14
4.26475e-15
3.65678e-14
3.84403e-14
3.90321e-14
4.46474e-14
3.82092e-14
7.6999e-14
1.27052e-14
1.44296e-14
2.6079e-14
4.3776e-14
3.32257e-14
7.36384e-14
2.211e-14
1.17566e-13
2.33923e-14
3.65505e-13
5.67207e-13
3.81435e-13
2.77978e-14
1.3505e-13
4.08305e-14
7.45887e-14
2.63305e-14
4.88697e-14
4.23442e-14
5.90784e-14
1.01665e-13
2.53492e-14
3.17847e-14
4.36245e-15
2.45273e-14
3.25658e-14
6.18612e-15
9.32196e-15
1.67074e-14
4.84462e-15
1.73024e-14
4.07633e-14
2.52607e-14
4.21277e-14
2.52941e-14
5.57419e-15
3.30759e-14
1.0455e-14
1.78294e-14
2.93185e-14
3.14086e-14
1.82387e-14
1.09666e-14
2.91988e-14
3.69929e-14
3.16637e-14
2.28073e-14
7.66722e-15
1.83142e-14
2.92663e-14
3.41529e-14
3.79409e-14
1.7002e-14
7.37764e-14
7.05315e-14
2.51287e-14
1.75809e-14
3.48072e-14
2.25441e-14
3.7367e-14
1.57023e-14
7.25264e-14
9.32136e-14
2.66984e-13
1.33264e-13
2.90015e-13
9.07647e-14
1.03765e-13
3.25428e-14
7.58329e-14
4.01044e-14
3.55857e-14
1.36428e-14
4.66312e-14
5.38654e-14
1.52313e-14
3.38949e-14
3.29211e-14
6.7289e-15
2.06619e-14
1.34697e-14
2.88343e-14
3.42376e-14
3.45662e-14
6.97363e-15
3.73341e-14
2.93281e-14
9.61449e-15
1.30393e-14
4.62076e-14
3.52953e-14
3.71324e-14
1.6232e-14
6.9577e-14
3.81353e-14
1.34628e-14
1.13888e-14
4.95364e-14
4.26104e-14
4.47097e-14
5.16151e-15
9.0804e-14
1.13136e-13
2.91663e-13
1.46333e-13
3.13171e-13
7.67982e-14
1.16779e-13
1.35233e-14
7.0536e-14
3.06121e-14
5.32394e-14
1.41087e-14
5.73795e-14
7.22182e-14
7.92989e-15
8.38152e-15
2.85014e-14
1.68047e-14
1.66517e-14
8.06792e-15
2.90842e-14
8.88514e-15
2.15818e-14
4.57093e-14
2.13985e-14
1.95639e-14
4.79412e-14
1.70306e-14
1.96921e-14
2.88376e-14
8.8213e-15
3.01111e-14
5.66791e-15
3.75915e-14
1.67076e-14
1.63935e-14
3.22783e-14
4.6805e-14
2.74964e-14
2.32296e-14
5.15246e-15
2.71377e-14
1.60606e-14
2.48693e-14
5.03249e-14
4.18012e-14
5.27367e-14
1.24262e-13
3.31973e-14
2.05719e-14
1.30748e-14
1.38206e-14
1.39847e-14
3.03719e-14
3.74935e-14
1.61253e-14
1.10081e-13
1.66715e-13
1.23399e-13
1.56246e-14
4.9293e-14
1.43421e-14
2.02553e-14
3.479e-14
1.78634e-14
2.20853e-14
2.82519e-14
1.81936e-14
2.14928e-14
1.51394e-14
1.51406e-14
2.66254e-14
7.6126e-15
3.75431e-15
1.48052e-14
6.31173e-15
1.04692e-14
1.90178e-14
2.67899e-15
3.15012e-14
8.067e-15
1.37779e-14
2.23562e-14
9.97199e-15
4.35502e-14
3.0982e-14
3.16596e-14
7.42494e-14
3.07382e-14
2.83144e-14
7.62375e-15
3.10542e-14
1.63711e-14
2.30754e-14
3.8639e-14
1.00831e-14
1.28251e-13
1.89373e-13
1.49598e-13
9.16308e-15
5.96395e-14
2.32836e-14
2.33078e-14
7.84235e-15
2.6212e-14
2.55409e-14
6.37551e-14
2.13514e-14
5.26869e-14
2.22267e-15
2.03606e-14
3.11704e-14
2.21613e-14
1.80674e-14
1.57231e-14
1.37205e-14
1.32113e-14
2.95515e-14
2.95023e-14
1.17321e-14
2.52083e-14
3.80844e-14
1.565e-14
6.86866e-15
2.01204e-14
1.48691e-14
1.4984e-14
3.55594e-14
2.71201e-14
9.23628e-15
3.8204e-14
2.72075e-14
3.37544e-14
2.11449e-14
1.99972e-14
8.37014e-15
1.41139e-14
1.05389e-14
5.15668e-14
9.35793e-15
6.88614e-14
1.02662e-13
4.06136e-14
1.44754e-14
1.33972e-14
1.51057e-14
3.23948e-14
2.24619e-14
6.36125e-14
6.59679e-14
8.6088e-14
1.56283e-13
1.06393e-13
7.41421e-14
3.00284e-14
3.22476e-14
2.02648e-14
3.83549e-14
7.91168e-15
4.48794e-14
2.21894e-14
1.56769e-14
2.67681e-14
1.21197e-14
5.03673e-15
1.59727e-14
4.76597e-15
1.15605e-14
1.39284e-14
1.38599e-14
1.35039e-14
1.85447e-14
4.80285e-15
1.84725e-14
5.48798e-15
3.05001e-14
1.83426e-14
1.57423e-15
3.39689e-14
1.13141e-14
4.90225e-14
7.07631e-14
3.15843e-14
1.48282e-14
1.65633e-14
2.10063e-14
3.06635e-14
2.29629e-14
5.43359e-14
6.50456e-14
8.83133e-14
1.89499e-13
1.15031e-13
8.12935e-14
3.35332e-14
2.65109e-14
2.4837e-14
4.89827e-14
1.97794e-14
3.83523e-14
3.9434e-14
4.33051e-14
4.52878e-14
6.6206e-15
2.09904e-14
3.33235e-14
7.74602e-15
6.55522e-15
4.98003e-15
3.39487e-14
2.7675e-14
9.60259e-15
4.27157e-14
2.22658e-14
3.25225e-14
5.43094e-14
2.27205e-14
6.42707e-15
1.99832e-14
7.99457e-15
1.59841e-14
2.0347e-14
1.86382e-14
4.29867e-14
2.1162e-14
5.31013e-14
3.10144e-14
1.00744e-15
2.96057e-14
1.35355e-14
3.72166e-14
2.42302e-14
5.25748e-14
2.29522e-14
1.21146e-13
5.68031e-14
8.90861e-14
5.61253e-14
1.53594e-14
2.95476e-14
7.65979e-15
2.00995e-14
1.32248e-14
2.62635e-15
4.80798e-14
9.65289e-14
7.82111e-14
6.95436e-15
3.36684e-14
2.90175e-14
3.16519e-14
7.1701e-15
4.99194e-15
1.58998e-14
1.78988e-14
5.26335e-14
2.23244e-15
4.25313e-15
3.7083e-14
8.77427e-15
3.97432e-15
1.63976e-14
1.32786e-14
5.83752e-14
3.30293e-15
2.68278e-14
2.2451e-14
1.19806e-14
1.31942e-14
2.28284e-14
3.13605e-14
1.17327e-13
3.69828e-14
2.71268e-14
1.00304e-13
3.84567e-14
6.76356e-14
3.59025e-14
9.10119e-16
3.83954e-14
7.50794e-15
9.11509e-15
2.26376e-14
1.08929e-14
6.65704e-14
1.1752e-13
9.32932e-14
2.16453e-13
4.47581e-14
2.19085e-14
2.61124e-14
5.33984e-15
6.171e-15
7.05341e-15
1.8938e-14
7.67893e-14
1.64797e-14
5.61306e-15
3.13627e-14
1.32201e-14
1.27508e-14
1.94034e-14
3.23872e-15
5.39888e-14
1.05814e-14
2.06428e-14
3.54733e-14
9.4856e-15
3.54733e-14
2.06428e-14
1.05814e-14
5.39888e-14
3.23872e-15
1.94034e-14
1.27508e-14
1.32201e-14
3.13627e-14
5.61306e-15
1.64797e-14
7.67893e-14
1.8938e-14
7.05341e-15
6.171e-15
5.33984e-15
2.61124e-14
2.19085e-14
4.47581e-14
2.16453e-13
9.32932e-14
1.1752e-13
6.65704e-14
1.08929e-14
2.26376e-14
9.11509e-15
7.50794e-15
3.83954e-14
9.10119e-16
3.59025e-14
6.76356e-14
3.84567e-14
1.00304e-13
2.71268e-14
3.69828e-14
1.17327e-13
3.13605e-14
2.28284e-14
1.31942e-14
1.19806e-14
2.2451e-14
2.68278e-14
3.30293e-15
5.83752e-14
1.32786e-14
1.63976e-14
3.97432e-15
8.77427e-15
3.7083e-14
4.25313e-15
2.23244e-15
5.26335e-14
1.78988e-14
1.58998e-14
4.99194e-15
7.1701e-15
3.16519e-14
2.90175e-14
3.36684e-14
6.95436e-15
7.82111e-14
9.65289e-14
4.80798e-14
2.62635e-15
1.32248e-14
2.00995e-14
7.65979e-15
2.95476e-14
1.53594e-14
5.61253e-14
8.90861e-14
5.68031e-14
1.21146e-13
2.29522e-14
5.25748e-14
2.42302e-14
3.72166e-14
1.35355e-14
2.96057e-14
1.00744e-15
3.10144e-14
5.31013e-14
2.1162e-14
4.29867e-14
1.86382e-14
2.0347e-14
1.59841e-14
7.99457e-15
1.99832e-14
6.42707e-15
2.27205e-14
5.43094e-14
3.25225e-14
2.22658e-14
4.27157e-14
9.60259e-15
2.7675e-14
3.39487e-14
4.98003e-15
6.55522e-15
7.74602e-15
3.33235e-14
2.09904e-14
6.6206e-15
4.52878e-14
4.33051e-14
3.9434e-14
3.83523e-14
1.97794e-14
4.89827e-14
2.4837e-14
2.65109e-14
3.35332e-14
8.12935e-14
1.15031e-13
1.89499e-13
8.83133e-14
6.50456e-14
5.43359e-14
2.29629e-14
3.06635e-14
2.10063e-14
1.65633e-14
1.48282e-14
3.15843e-14
7.07631e-14
4.90225e-14
1.13141e-14
3.39689e-14
1.57423e-15
1.83426e-14
3.05001e-14
5.48798e-15
1.84725e-14
4.80285e-15
1.85447e-14
1.35039e-14
1.38599e-14
1.39284e-14
1.15605e-14
4.76597e-15
1.59727e-14
5.03673e-15
1.21197e-14
2.67681e-14
1.56769e-14
2.21894e-14
4.48794e-14
7.91168e-15
3.83549e-14
2.02648e-14
3.22476e-14
3.00284e-14
7.41421e-14
1.06393e-13
1.56283e-13
8.6088e-14
6.59679e-14
6.36125e-14
2.24619e-14
3.23948e-14
1.51057e-14
1.33972e-14
1.44754e-14
4.06136e-14
1.02662e-13
6.88614e-14
9.35793e-15
5.15668e-14
1.05389e-14
1.41139e-14
8.37014e-15
1.99972e-14
2.11449e-14
3.37544e-14
2.72075e-14
3.8204e-14
9.23628e-15
2.71201e-14
3.55594e-14
1.4984e-14
1.48691e-14
2.01204e-14
6.86866e-15
1.565e-14
3.80844e-14
2.52083e-14
1.17321e-14
2.95023e-14
2.95515e-14
1.32113e-14
1.37205e-14
1.57231e-14
1.80674e-14
2.21613e-14
3.11704e-14
2.03606e-14
2.22267e-15
5.26869e-14
2.13514e-14
6.37551e-14
2.55409e-14
2.6212e-14
7.84235e-15
2.33078e-14
2.32836e-14
5.96395e-14
9.16308e-15
1.49598e-13
1.89373e-13
1.28251e-13
1.00831e-14
3.8639e-14
2.30754e-14
1.63711e-14
3.10542e-14
7.62375e-15
2.83144e-14
3.07382e-14
7.42494e-14
3.16596e-14
3.0982e-14
4.35502e-14
9.97199e-15
2.23562e-14
1.37779e-14
8.067e-15
3.15012e-14
2.67899e-15
1.90178e-14
1.04692e-14
6.31173e-15
1.48052e-14
3.75431e-15
7.6126e-15
2.66254e-14
1.51406e-14
1.51394e-14
2.14928e-14
1.81936e-14
2.82519e-14
2.20853e-14
1.78634e-14
3.479e-14
2.02553e-14
1.43421e-14
4.9293e-14
1.56246e-14
1.23399e-13
1.66715e-13
1.10081e-13
1.61253e-14
3.74935e-14
3.03719e-14
1.39847e-14
1.38206e-14
1.30748e-14
2.05719e-14
3.31973e-14
1.24262e-13
5.27367e-14
4.18012e-14
5.03249e-14
2.48693e-14
1.60606e-14
2.71377e-14
5.15246e-15
2.32296e-14
2.74964e-14
4.6805e-14
3.22783e-14
1.63935e-14
1.67076e-14
3.75915e-14
5.66791e-15
3.01111e-14
8.8213e-15
2.88376e-14
1.96921e-14
1.70306e-14
4.79412e-14
1.95639e-14
2.13985e-14
4.57093e-14
2.15818e-14
8.88514e-15
2.90842e-14
8.06792e-15
1.66517e-14
1.68047e-14
2.85014e-14
8.38152e-15
7.92989e-15
7.22182e-14
5.73795e-14
1.41087e-14
5.32394e-14
3.06121e-14
7.0536e-14
1.35233e-14
1.16779e-13
7.67982e-14
3.13171e-13
1.46333e-13
2.91663e-13
1.13136e-13
9.0804e-14
5.16151e-15
4.47097e-14
4.26104e-14
4.95364e-14
1.13888e-14
1.34628e-14
3.81353e-14
6.9577e-14
1.6232e-14
3.71324e-14
3.52953e-14
4.62076e-14
1.30393e-14
9.61449e-15
2.93281e-14
3.73341e-14
6.97363e-15
3.45662e-14
3.42376e-14
2.88343e-14
1.34697e-14
2.06619e-14
6.7289e-15
3.29211e-14
3.38949e-14
1.52313e-14
5.38654e-14
4.66312e-14
1.36428e-14
3.55857e-14
4.01044e-14
7.58329e-14
3.25428e-14
1.03765e-13
9.07647e-14
2.90015e-13
1.33264e-13
2.66984e-13
9.32136e-14
7.25264e-14
1.57023e-14
3.7367e-14
2.25441e-14
3.48072e-14
1.75809e-14
2.51287e-14
7.05315e-14
7.37764e-14
1.7002e-14
3.79409e-14
3.41529e-14
2.92663e-14
1.83142e-14
7.66722e-15
2.28073e-14
3.16637e-14
3.69929e-14
2.91988e-14
1.09666e-14
1.82387e-14
3.14086e-14
2.93185e-14
1.78294e-14
1.0455e-14
3.30759e-14
5.57419e-15
2.52941e-14
4.21277e-14
2.52607e-14
4.07633e-14
1.73024e-14
4.84462e-15
1.67074e-14
9.32196e-15
6.18612e-15
3.25658e-14
2.45273e-14
4.36245e-15
3.17847e-14
2.53492e-14
1.01665e-13
5.90784e-14
4.23442e-14
4.88697e-14
2.63305e-14
7.45887e-14
4.08305e-14
1.3505e-13
2.77978e-14
3.81435e-13
5.67207e-13
3.65505e-13
2.33923e-14
1.17566e-13
2.211e-14
7.36384e-14
3.32257e-14
4.3776e-14
2.6079e-14
1.44296e-14
1.27052e-14
7.6999e-14
3.82092e-14
4.46474e-14
3.90321e-14
3.84403e-14
3.65678e-14
4.26475e-15
3.04231e-14
2.00404e-14
4.3262e-14
4.51084e-15
4.22118e-14
1.93751e-14
2.44447e-14
1.58873e-14
2.59698e-14
1.6508e-14
5.35517e-14
2.49714e-14
6.89027e-14
6.3244e-14
4.39613e-14
4.02472e-14
4.12051e-14
8.34256e-14
4.71697e-14
1.2338e-13
4.01214e-14
3.70873e-13
5.36634e-13
3.52102e-13
2.75025e-14
9.84891e-14
2.73334e-14
7.11613e-14
8.55708e-14
3.17115e-14
5.09738e-14
2.32639e-14
1.74306e-14
1.0128e-13
3.27212e-14
6.42827e-14
5.38726e-14
3.43331e-14
3.17715e-14
4.0797e-14
2.77905e-14
2.83145e-14
6.74094e-14
1.84619e-14
6.19715e-14
1.38333e-14
1.86247e-14
3.53862e-14
2.28124e-14
1.32552e-14
2.84446e-14
3.71233e-14
1.99311e-14
2.90848e-14
3.25693e-14
6.41506e-14
4.44084e-14
4.0141e-14
5.66303e-14
2.97577e-14
1.55552e-13
3.11855e-14
5.97515e-14
5.07697e-14
3.84484e-14
5.92584e-14
2.85501e-14
7.14367e-14
4.67546e-14
6.80749e-14
7.06056e-14
8.90701e-14
9.43237e-14
1.34706e-13
2.12453e-13
4.09768e-13
512
3.95465e-13
1.87074e-13
1.08104e-13
8.83415e-14
7.46292e-14
4.34207e-14
4.25364e-14
6.5904e-14
4.13948e-14
1.74191e-14
2.36079e-14
2.36205e-14
2.56375e-14
2.23189e-14
1.04562e-14
3.34315e-14
1.39389e-14
2.37304e-14
1.16832e-14
